300
    1   152   486
    2   273    86
    3   290   280
    4   182   337
    5   488   354
    6   111   436
    7   428    39
    8   242   454
    9   245   175
   10   225   196
   11   313   354
   12   393    17
   13   353   438
   14   264    58
   15   477   351
   16   234   355
   17   364   139
   18   348   454
   19   253    19
   20   252     4
   21   112   139
   22   105   134
   23    50   498
   24   374    13
   25   147   383
   26   373   110
   27   210   372
   28    70   246
   29   292    68
   30    75   185
   31   479   192
   32   314   334
   33   286   310
   34   229   211
   35   214   198
   36   355   415
   37    59    50
   38   361   131
   39   289   262
   40   386   393
   41   106    29
   42   248   144
   43    60   264
   44   217    32
   45    85   101
   46   313    93
   47   155   432
   48   415   380
   49   363   273
   50    68   146
   51   465    77
   52   421   194
   53    49   227
   54    83   194
   55    26   359
   56   320   374
   57    45   431
   58   314   313
   59    26   294
   60    37    24
   61    42   387
   62    16   425
   63   376   258
   64   180    81
   65   425   290
   66   363    46
   67   123   191
   68   300   421
   69   287   214
   70   292   300
   71   339   116
   72   205   460
   73   111   352
   74   156   177
   75   441   194
   76   404    67
   77   368   253
   78   327    61
   79   358   243
   80   374   257
   81   249    40
   82   288   308
   83   100   345
   84   472    40
   85   463   232
   86   439   268
   87    44    22
   88    65   170
   89   350   384
   90   329   185
   91   156   427
   92    56   251
   93    36   355
   94   499   110
   95    10    30
   96     9   295
   97   207   171
   98   282   443
   99   235    74
  100   427   482
  101   315   303
  102   176   410
  103   469   260
  104   288   386
  105   197   459
  106    29   124
  107   336   485
  108   435    97
  109   384   269
  110    15   159
  111   196   373
  112   240   229
  113   396   315
  114    26   459
  115   204   147
  116   319   425
  117   109   281
  118   419   295
  119   404   435
  120   133   195
  121   252   134
  122   361   247
  123   216   134
  124   249   257
  125    10   303
  126   383   109
  127   459   470
  128   132   134
  129   470   309
  130    35   417
  131   293   388
  132   457   443
  133     2   353
  134    85   114
  135   172   195
  136   174    32
  137   375     3
  138    68   409
  139     9   480
  140   248   218
  141    24   221
  142   383   375
  143   108   453
  144   486    85
  145   458    47
  146   169   116
  147   235   388
  148   341   117
  149   419   319
  150   397   408
  151    67    23
  152   261    87
  153   114    40
  154   330   122
  155    71   368
  156   350    70
  157   328   316
  158    39   413
  159   222   268
  160   495    51
  161   113    27
  162   172    17
  163   260    44
  164   419   424
  165   335   183
  166   443   116
  167   385   285
  168   278   438
  169   160   320
  170   299   179
  171   269   337
  172   296   116
  173   268   391
  174   252   320
  175   445    65
  176   310   209
  177   109    40
  178   384   179
  179   388   480
  180   323    74
  181   365    33
  182   432   171
  183   255   398
  184   479   462
  185   471    59
  186   332   243
  187   151   496
  188    58    15
  189   130   410
  190    61   455
  191   167   328
  192   382   213
  193    28   442
  194   318    46
  195   294   443
  196   116   348
  197   479   218
  198   102   212
  199   305   249
  200   434    27
  201   434    97
  202   440   403
  203   482   165
  204     8   201
  205   472   409
  206   439   383
  207   241   366
  208   270   452
  209   420    21
  210   109   491
  211   399   146
  212   191   430
  213   179   421
  214   247   103
  215   454   336
  216    57    45
  217   145    42
  218    31   338
  219    22   487
  220   313   392
  221   224    88
  222   401   243
  223   346   439
  224    19    86
  225   383   254
  226   298   406
  227   462   409
  228   304   475
  229   315   125
  230   423   425
  231   282   307
  232    45   224
  233    64   103
  234    94   264
  235   210   371
  236   423   370
  237    89   151
  238   331   235
  239   316   495
  240   301   475
  241   399   251
  242   371   257
  243   404    27
  244   334   129
  245   190   388
  246    28     5
  247   150   440
  248   369   268
  249   411   394
  250   444   494
  251   318   321
  252   388   457
  253   206   475
  254   309   296
  255   467   245
  256   187   303
  257   282   394
  258   434   490
  259   245    73
  260   371   199
  261   227   349
  262   172   427
  263   174   293
  264    44    37
  265   423   473
  266   289   492
  267   192   264
  268   129   410
  269   425    59
  270   487    13
  271    72    54
  272   227    33
  273   402   210
  274   251   481
  275   156    11
  276   461   296
  277    68   441
  278   163    44
  279   101   203
  280   313   338
  281   142   399
  282    41   176
  283   453    33
  284   277   313
  285    29   158
  286   190   459
  287   294    17
  288   351   451
  289   317   291
  290   356   153
  291   225    80
  292   301   158
  293   364    38
  294   227   352
  295   320    25
  296   333   349
  297   389   172
  298   445   168
  299   211   228
  300    17    82
501
