100
    1   152   486
    2   273    86
    3   290   280
    4   182   337
    5   488   354
    6   111   436
    7   428    39
    8   242   454
    9   245   175
   10   225   196
   11   313   354
   12   393    17
   13   353   438
   14   264    58
   15   477   351
   16   234   355
   17   364   139
   18   348   454
   19   253    19
   20   252     4
   21   112   139
   22   105   134
   23    50   498
   24   374    13
   25   147   383
   26   373   110
   27   210   372
   28    70   246
   29   292    68
   30    75   185
   31   479   192
   32   314   334
   33   286   310
   34   229   211
   35   214   198
   36   355   415
   37    59    50
   38   361   131
   39   289   262
   40   386   393
   41   106    29
   42   248   144
   43    60   264
   44   217    32
   45    85   101
   46   313    93
   47   155   432
   48   415   380
   49   363   273
   50    68   146
   51   465    77
   52   421   194
   53    49   227
   54    83   194
   55    26   359
   56   320   374
   57    45   431
   58   314   313
   59    26   294
   60    37    24
   61    42   387
   62    16   425
   63   376   258
   64   180    81
   65   425   290
   66   363    46
   67   123   191
   68   300   421
   69   287   214
   70   292   300
   71   339   116
   72   205   460
   73   111   352
   74   156   177
   75   441   194
   76   404    67
   77   368   253
   78   327    61
   79   358   243
   80   374   257
   81   249    40
   82   288   308
   83   100   345
   84   472    40
   85   463   232
   86   439   268
   87    44    22
   88    65   170
   89   350   384
   90   329   185
   91   156   427
   92    56   251
   93    36   355
   94   499   110
   95    10    30
   96     9   295
   97   207   171
   98   282   443
   99   235    74
  100   427   482
501
